08097038775
08061240533
08102284832
08136869176
08065434987
09072811195
08027108806
08181895888
07064892208
08169954607
08135306027
08075495994
08145001219
08062564835
08175879358
08106045666
07068999982
07057512132
07069693066
08057251720
08108369089
07035582746
08135616873
08135616873
09060976192
08147787759
08162179933
08135378842
08093034533
09025840519
08187262170
07060905321
08173061105
08173061105
07066665351
08133683260
07032867019
08145425241
08131399277
07064832744
09035529471
08130564722
07068093818
08072960062
08136379120
07065053938
09097562319
08173588710
07056908933
08147943211
08149514729
08089364070
08089364070
08089364070
08179331928
07018325151
07052309087
08189461536
08089917692
08108723155
08102425854
08077370026
08160875116
08069115535
09098837030
07032867019
08103081324
09020907834
08026314929
08180922062
08163934525
08160054997
08138917925
09063238117
08170269434
08144641832
07030842880
08168288997
08100308556